1 1 1
1 2 0
1 2 1
1 3 1
1 4 0
1 4 1
1 5 0
1 5 1
1 6 1
1 7 1
1 8 1
1 9 0
1 9 1
1 10 1
1 11 1
1 12 1
1 13 1
1 14 1
1 15 2
1 16 2
1 17 1
1 17 2
1 18 1
1 18 2
2 0 1
2 1 1
2 2 1
2 3 1
2 4 0
2 4 1
2 5 1
2 6 1
2 7 1
2 8 1
2 9 1
2 10 1
2 10 2
2 11 1
2 11 2
2 12 1
2 12 2
2 13 1
2 13 2
2 14 1
2 14 2
2 15 1
2 15 2
2 16 2
2 17 2
2 18 2
2 19 2
2 20 2
3 0 1
3 1 1
3 2 1
3 3 1
3 3 2
3 4 1
3 4 2
3 5 1
3 5 2
3 6 1
3 6 2
3 7 1
3 7 2
3 8 1
3 8 2
3 9 1
3 9 2
3 10 1
3 10 2
3 11 2
3 12 2
3 13 2
3 14 2
3 15 2
3 15 3
3 16 2
3 16 3
3 17 2
3 17 3
3 18 2
3 18 3
3 19 2
3 19 3
3 20 2
3 20 3
4 0 1
4 0 2
4 1 1
4 1 2
4 2 1
4 2 2
4 3 1
4 3 2
4 4 1
4 4 2
4 5 2
4 6 2
4 7 2
4 7 3
4 8 2
4 8 3
4 9 2
4 9 3
4 10 2
4 10 3
4 11 2
4 11 3
4 12 2
4 12 3
4 13 2
4 13 3
4 14 2
4 14 3
4 15 2
4 15 3
4 16 3
4 17 3
4 18 3
4 19 3
5 0 2
5 1 2
5 2 2
5 3 2
5 4 2
5 4 3
5 5 2
5 5 3
5 6 2
5 6 3
5 7 2
5 7 3
5 8 2
5 8 3
5 9 2
5 9 3
5 10 2
5 10 3
5 11 3
5 12 3
5 13 3
5 13 4
5 14 3
5 14 4
5 15 3
5 15 4
5 16 3
5 16 4
5 17 3
5 17 4
5 18 3
5 18 4
5 19 3
5 19 4
5 20 3
5 20 4
6 0 2
6 1 2
6 2 2
6 2 3
6 3 2
6 3 3
6 4 2
6 4 3
6 5 3
6 6 3
6 7 3
6 7 4
6 8 3
6 8 4
6 9 3
6 9 4
6 10 3
6 10 4
6 11 3
6 11 4
6 12 3
6 12 4
6 13 3
6 13 4
6 14 3
6 14 4
6 15 4
6 16 4
6 17 4
6 18 4
6 19 4
6 20 4
7 0 2
7 1 2
7 1 3
7 2 2
7 2 3
7 3 3
7 4 3
7 5 3
7 5 4
7 6 3
7 6 4
7 7 4
7 8 4
7 8 5
7 9 4
7 9 5
7 10 4
7 10 5
7 11 4
7 11 5
7 12 4
7 12 5
7 13 4
7 13 5
7 14 4
7 14 5
7 15 4
7 15 5
7 16 4
7 16 5
7 17 4
7 17 5
7 18 4
7 18 5
7 19 4
7 19 5
7 20 4
7 20 5
8 0 2
8 0 3
8 1 2
8 1 3
8 2 3
8 3 3
8 4 3
8 4 4
8 5 3
8 5 4
8 6 4
8 7 4
8 7 5
8 8 4
8 8 5
8 9 4
8 9 5
8 10 4
8 10 5
8 11 4
8 11 5
8 12 5
8 13 5
8 14 5
8 15 5
8 15 6
8 16 5
8 16 6
8 17 5
8 17 6
8 18 5
8 18 6
8 19 5
8 19 6
8 20 5
8 20 6
9 0 2
9 0 3
9 1 3
9 2 3
9 3 3
9 3 4
9 4 3
9 4 4
9 5 4
9 6 4
9 6 5
9 7 4
9 7 5
9 8 5
9 9 5
9 10 5
9 11 5
9 12 5
9 12 6
9 13 5
9 13 6
9 14 5
9 14 6
9 15 5
9 15 6
9 16 6
9 17 6
9 17 7
9 18 6
9 18 7
9 19 6
9 19 7
9 20 6
9 20 7
10 0 2
10 0 3
10 1 3
10 2 3
10 2 4
10 3 3
10 3 4
10 4 4
10 5 4
10 5 5
10 6 4
10 6 5
10 7 5
10 8 5
10 9 5
10 9 6
10 10 5
10 10 6
10 11 5
10 11 6
10 12 5
10 12 6
10 13 6
10 14 6
10 15 6
10 15 7
10 16 6
10 16 7
10 17 6
10 17 7
10 18 6
10 18 7
10 19 6
10 19 7
10 20 6
10 20 7
11 0 2
11 0 3
11 1 3
11 2 3
11 2 4
11 3 3
11 3 4
11 4 4
11 5 4
11 5 5
11 6 4
11 6 5
11 7 5
11 8 5
11 8 6
11 9 5
11 9 6
11 10 5
11 10 6
11 11 6
11 12 6
11 13 6
11 14 6
11 14 7
11 15 6
11 15 7
11 16 7
11 17 7
11 18 7
11 18 8
11 19 7
11 19 8
11 20 7
11 20 8
11 21 8
12 0 3
12 1 3
12 2 3
12 2 4
12 3 3
12 3 4
12 4 4
12 5 4
12 5 5
12 6 4
12 6 5
12 7 5
12 8 5
12 8 6
12 9 5
12 9 6
12 10 6
12 11 6
12 12 6
12 12 7
12 13 6
12 13 7
12 14 6
12 14 7
12 15 7
12 16 7
12 16 8
12 17 7
12 17 8
12 18 7
12 18 8
12 19 8
12 20 8
13 0 3
13 1 3
13 2 3
13 2 4
13 3 3
13 3 4
13 4 4
13 5 4
13 5 5
13 6 4
13 6 5
13 7 5
13 7 6
13 8 5
13 8 6
13 9 6
13 10 6
13 11 6
13 11 7
13 12 6
13 12 7
13 13 6
13 13 7
13 14 7
13 15 7
13 15 8
13 16 7
13 16 8
13 17 8
13 18 8
13 19 8
13 20 8
13 20 9
14 0 2
14 1 3
14 2 3
14 3 3
14 3 4
14 4 3
14 4 4
14 5 4
14 6 4
14 6 5
14 7 5
14 8 5
14 8 6
14 9 6
14 10 6
14 11 6
14 11 7
14 12 6
14 12 7
14 13 7
14 14 7
14 15 7
14 15 8
14 16 7
14 16 8
14 17 8
14 18 8
14 19 8
14 19 9
14 20 8
14 20 9
15 0 2
15 0 3
15 1 2
15 1 3
15 2 3
15 3 3
15 3 4
15 4 3
15 4 4
15 5 4
15 6 4
15 6 5
15 7 5
15 8 5
15 8 6
15 9 6
15 10 6
15 10 7
15 11 6
15 11 7
15 12 7
15 13 7
15 14 7
15 14 8
15 15 7
15 15 8
15 16 7
15 16 8
15 17 8
15 18 8
15 18 9
15 19 8
15 19 9
15 20 8
15 20 9
16 0 2
16 1 2
16 1 3
16 2 2
16 2 3
16 3 3
16 4 3
16 4 4
16 5 4
16 6 4
16 6 5
16 7 4
16 7 5
16 8 5
16 8 6
16 9 5
16 9 6
16 10 6
16 10 7
16 11 6
16 11 7
16 12 7
16 13 7
16 14 7
16 14 8
16 15 7
16 15 8
16 16 8
16 17 8
16 18 8
16 18 9
16 19 8
16 19 9
16 20 9
17 0 1
17 1 2
17 2 2
17 2 3
17 3 3
17 4 3
17 4 4
17 5 3
17 5 4
17 6 4
17 7 4
17 7 5
17 8 5
17 8 6
17 9 5
17 9 6
17 10 6
17 11 6
17 11 7
17 12 7
17 13 7
17 14 7
17 14 8
17 15 7
17 15 8
17 16 8
17 17 8
17 18 8
17 18 9
17 19 8
17 19 9
17 20 9
18 0 1
18 0 2
18 1 2
18 2 2
18 3 2
18 3 3
18 4 3
18 5 3
18 5 4
18 6 4
18 7 4
18 7 5
18 8 5
18 8 6
18 9 5
18 9 6
18 10 6
18 11 6
18 11 7
18 12 6
18 12 7
18 13 7
18 14 7
18 14 8
18 15 7
18 15 8
18 16 7
18 16 8
18 17 8
18 18 8
18 18 9
18 19 8
18 19 9
18 20 9
19 1 1
19 1 2
19 2 2
19 3 2
19 4 2
19 4 3
19 5 3
19 6 3
19 6 4
19 7 4
19 7 5
19 8 4
19 8 5
19 9 5
19 9 6
19 10 5
19 10 6
19 11 6
19 12 6
19 12 7
19 13 6
19 13 7
19 14 7
19 15 7
19 15 8
19 16 7
19 16 8
19 17 8
19 18 8
19 18 9
19 19 8
19 19 9
19 20 9
20 0 0
20 0 1
20 1 1
20 2 1
20 2 2
20 3 1
20 3 2
20 4 2
20 4 3
20 5 2
20 5 3
20 6 3
20 6 4
20 7 3
20 7 4
20 8 4
20 8 5
20 9 5
20 10 5
20 10 6
20 11 5
20 11 6
20 12 6
20 13 6
20 13 7
20 14 6
20 14 7
20 15 7
20 16 7
20 16 8
20 17 7
20 17 8
20 18 8
20 19 8
20 19 9
20 20 8
20 20 9
21 0 1
21 1 0
21 1 1
21 2 1
21 3 1
21 6 3
21 7 3
21 7 4
21 8 4
21 8 5
21 9 4
21 9 5
21 10 5
21 11 5
21 12 5
21 12 6
21 13 5
21 13 6
21 14 6
21 14 7
21 15 6
21 15 7
21 16 7
21 17 7
21 17 8
21 18 7
21 18 8
21 19 8
21 20 8
21 20 9
22 1 0
22 1 1
22 2 1
22 6 2
22 6 3
22 10 5
22 11 5
22 17 7
22 18 8
22 19 8
